DelStart	DelEnd
96	1307
96	1307
96	1307
96	1307
96	1307
96	1307
96	1307
96	1307
96	1307
96	1307
96	1307
96	1307
96	1307
96	1307
96	1307
96	1307
96	1307
96	1307
96	1307
96	1307
96	1307
96	1307
96	1307
96	1307
96	1307
96	1307
96	1307
96	1307
96	1307
96	1307
96	1307
96	1307
96	1307
96	1307
96	1307
96	1307
96	1307
354	1303
354	1303
354	1303
354	1303
354	1303
354	1303
354	1303
354	1303
354	1303
354	1303
354	1303
354	1303
354	1303
354	1303
276	1377
276	1377
276	1377
276	1377
276	1377
276	1377
276	1377
276	1377
276	1377
276	1377
276	1377
276	1377
276	1377
276	1377
123	1325
123	1325
123	1325
123	1325
123	1325
123	1325
123	1325
123	1325
123	1325
123	1325
544	1315
544	1315
544	1315
544	1315
544	1315
544	1315
158	1330
158	1330
158	1330
158	1330
158	1330
158	1330
197	1215
197	1215
197	1215
197	1215
197	1215
187	1317
187	1317
187	1317
187	1317
331	1168
331	1168
331	1168
435	1158
435	1158
451	1157
451	1157
196	1224
196	1224
229	1157
229	1157
561	1177
561	1177
583	931
583	931
337	1221
337	1221
306	1403
593	1331
161	331
115	1332
239	1202
212	1395
164	1377
290	1182
174	241
163	333
265	1187
152	184
532	620
804	837
452	487
1137	1181
