DelStart	DelEnd
323	361
323	361
898	972
898	972
211	1204
211	1204
36	82
36	82
1559	1619
1559	1619
72	99
72	99
1671	1697
1671	1697
1417	1445
1417	1445
488	556
1267	1634
514	1203
149	218
466	852
1257	1580
49	1111
800	1176
70	103
401	427
77	250
76	261
1107	1209
192	223
709	779
1125	1564
281	474
1017	1149
75	141
1246	1296
139	187
1249	1375
1097	1121
1273	1375
651	701
1619	1656
687	757
1386	1503
63	97
1103	1285
1086	1209
1101	1145
697	761
98	137
145	1183
59	110
230	323
217	267
514	558
56	291
73	250
1390	1430
1260	1338
37	81
63	145
48	211
1248	1343
44	99
1606	1640
