DelStart	DelEnd
189	1530
189	1530
189	1530
189	1530
189	1530
189	1530
189	1530
189	1530
189	1530
189	1530
189	1530
189	1530
189	1530
189	1530
189	1530
189	1530
189	1530
189	1530
189	1530
189	1530
189	1530
189	1530
189	1530
189	1530
189	1530
189	1530
189	1530
189	1530
189	1530
189	1530
189	1530
189	1530
189	1530
189	1530
189	1530
189	1530
189	1530
189	1530
189	1530
189	1530
189	1530
189	1530
189	1530
189	1530
189	1530
189	1530
189	1530
189	1530
189	1530
189	1530
189	1530
189	1530
189	1530
189	1530
189	1530
189	1530
189	1530
189	1530
189	1530
189	1530
189	1530
189	1530
189	1530
189	1530
189	1530
189	1530
189	1530
189	1530
189	1530
189	1530
189	1530
189	1530
189	1530
189	1530
189	1530
189	1530
189	1530
95	1544
95	1544
95	1544
95	1544
95	1544
95	1544
95	1544
95	1544
95	1544
95	1544
95	1544
95	1544
95	1544
95	1544
95	1544
95	1544
95	1544
95	1544
95	1544
95	1544
95	1544
95	1544
95	1544
95	1544
95	1544
95	1544
95	1544
95	1544
95	1544
95	1544
95	1544
95	1544
95	1544
95	1544
95	1544
95	1544
126	1545
126	1545
126	1545
126	1545
126	1545
126	1545
126	1545
126	1545
126	1545
126	1545
126	1545
126	1545
126	1545
126	1545
126	1545
126	1545
126	1545
126	1545
126	1545
126	1545
126	1545
126	1545
126	1545
126	1545
126	1545
126	1545
126	1545
126	1545
126	1545
126	1545
126	1545
95	1481
95	1481
95	1481
95	1481
95	1481
95	1481
95	1481
95	1481
95	1481
95	1481
95	1481
95	1481
95	1481
95	1481
95	1481
95	1481
95	1481
95	1481
95	1481
95	1481
95	1481
95	1481
95	1481
95	1481
95	1481
95	1481
95	1481
91	1535
91	1535
91	1535
91	1535
91	1535
91	1535
91	1535
91	1535
91	1535
91	1535
91	1535
91	1535
91	1535
91	1535
91	1535
91	1535
91	1535
91	1535
91	1535
91	1535
91	1535
91	1535
91	1535
91	1535
91	1535
91	1535
91	1535
150	1545
150	1545
150	1545
150	1545
150	1545
150	1545
150	1545
150	1545
150	1545
150	1545
150	1545
150	1545
150	1545
150	1545
150	1545
150	1545
150	1545
150	1545
150	1545
150	1545
150	1545
165	1557
165	1557
165	1557
165	1557
165	1557
165	1557
165	1557
165	1557
165	1557
165	1557
165	1557
165	1557
165	1557
165	1557
165	1557
165	1557
165	1557
165	1557
126	1482
126	1482
126	1482
126	1482
126	1482
126	1482
126	1482
126	1482
126	1482
126	1482
126	1482
126	1482
126	1482
126	1482
126	1482
126	1482
126	1482
98	134
98	134
98	134
98	134
98	134
98	134
98	134
98	134
98	134
98	134
98	134
98	134
98	134
98	134
98	134
98	134
103	1549
103	1549
103	1549
103	1549
103	1549
103	1549
103	1549
103	1549
103	1549
103	1549
103	1549
103	1549
103	1549
103	1549
103	1549
103	1549
205	1444
205	1444
205	1444
205	1444
205	1444
205	1444
205	1444
205	1444
205	1444
205	1444
205	1444
205	1444
205	1444
205	1444
205	1444
89	1542
89	1542
89	1542
89	1542
89	1542
89	1542
89	1542
89	1542
89	1542
89	1542
89	1542
89	1542
89	1542
89	1542
89	1542
102	1444
102	1444
102	1444
102	1444
102	1444
102	1444
102	1444
102	1444
102	1444
102	1444
102	1444
102	1444
102	1444
102	1444
206	1434
206	1434
206	1434
206	1434
206	1434
206	1434
206	1434
206	1434
206	1434
206	1434
206	1434
206	1434
206	1434
206	1434
209	1481
209	1481
209	1481
209	1481
209	1481
209	1481
209	1481
209	1481
209	1481
209	1481
209	1481
209	1481
209	1481
209	1481
214	1481
214	1481
214	1481
214	1481
214	1481
214	1481
214	1481
214	1481
214	1481
214	1481
214	1481
214	1481
214	1481
91	1481
91	1481
91	1481
91	1481
91	1481
91	1481
91	1481
91	1481
91	1481
91	1481
91	1481
91	1481
91	1481
95	1535
95	1535
95	1535
95	1535
95	1535
95	1535
95	1535
95	1535
95	1535
95	1535
95	1535
95	1535
95	1535
166	1579
166	1579
166	1579
166	1579
166	1579
166	1579
166	1579
166	1579
166	1579
166	1579
166	1579
166	1579
206	1476
206	1476
206	1476
206	1476
206	1476
206	1476
206	1476
206	1476
206	1476
206	1476
206	1476
87	1530
87	1530
87	1530
87	1530
87	1530
87	1530
87	1530
87	1530
87	1530
87	1530
87	1530
163	1484
163	1484
163	1484
163	1484
163	1484
163	1484
163	1484
163	1484
163	1484
163	1484
223	1515
223	1515
223	1515
223	1515
223	1515
223	1515
223	1515
223	1515
223	1515
223	1515
114	1545
114	1545
114	1545
114	1545
114	1545
114	1545
114	1545
114	1545
114	1545
114	1545
132	1558
132	1558
132	1558
132	1558
132	1558
132	1558
132	1558
132	1558
132	1558
132	1558
70	1495
70	1495
70	1495
70	1495
70	1495
70	1495
70	1495
70	1495
70	1495
70	1495
157	1599
157	1599
157	1599
157	1599
157	1599
157	1599
157	1599
157	1599
157	1599
157	1599
97	1529
97	1529
97	1529
97	1529
97	1529
97	1529
97	1529
97	1529
97	1529
97	1529
164	1550
164	1550
164	1550
164	1550
164	1550
164	1550
164	1550
164	1550
164	1550
164	1550
206	1487
206	1487
206	1487
206	1487
206	1487
206	1487
206	1487
206	1487
206	1487
87	1482
87	1482
87	1482
87	1482
87	1482
87	1482
87	1482
87	1482
87	1482
95	1498
95	1498
95	1498
95	1498
95	1498
95	1498
95	1498
95	1498
95	1498
124	1505
124	1505
124	1505
124	1505
124	1505
124	1505
124	1505
124	1505
124	1505
97	1535
97	1535
97	1535
97	1535
97	1535
97	1535
97	1535
97	1535
97	1535
123	1493
123	1493
123	1493
123	1493
123	1493
123	1493
123	1493
123	1493
123	1493
164	1445
164	1445
164	1445
164	1445
164	1445
164	1445
164	1445
164	1445
164	1445
189	1482
189	1482
189	1482
189	1482
189	1482
189	1482
189	1482
189	1482
205	1342
205	1342
205	1342
205	1342
205	1342
205	1342
205	1342
205	1342
204	1480
204	1480
204	1480
204	1480
204	1480
204	1480
204	1480
204	1480
91	1529
91	1529
91	1529
91	1529
91	1529
91	1529
91	1529
91	1529
139	1573
139	1573
139	1573
139	1573
139	1573
139	1573
139	1573
139	1573
185	1482
185	1482
185	1482
185	1482
185	1482
185	1482
185	1482
185	1482
32	1496
32	1496
32	1496
32	1496
32	1496
32	1496
32	1496
32	1496
114	1526
114	1526
114	1526
114	1526
114	1526
114	1526
114	1526
114	1526
89	1530
89	1530
89	1530
89	1530
89	1530
89	1530
89	1530
89	1530
134	1548
134	1548
134	1548
134	1548
134	1548
134	1548
134	1548
134	1548
165	1547
165	1547
165	1547
165	1547
165	1547
165	1547
165	1547
165	1547
163	1540
163	1540
163	1540
163	1540
163	1540
163	1540
163	1540
163	1540
206	1451
206	1451
206	1451
206	1451
206	1451
206	1451
206	1451
206	1451
132	1511
132	1511
132	1511
132	1511
132	1511
132	1511
132	1511
132	1511
96	1543
96	1543
96	1543
96	1543
96	1543
96	1543
96	1543
96	1543
103	1505
103	1505
103	1505
103	1505
103	1505
103	1505
103	1505
103	1505
101	1480
101	1480
101	1480
101	1480
101	1480
101	1480
101	1480
103	132
103	132
103	132
103	132
103	132
103	132
103	132
214	1342
214	1342
214	1342
214	1342
214	1342
214	1342
214	1342
165	1347
165	1347
165	1347
165	1347
165	1347
165	1347
165	1347
98	1568
98	1568
98	1568
98	1568
98	1568
98	1568
98	1568
173	1544
173	1544
173	1544
173	1544
173	1544
173	1544
173	1544
173	1481
173	1481
173	1481
173	1481
173	1481
173	1481
198	1507
198	1507
198	1507
198	1507
198	1507
198	1507
93	1515
93	1515
93	1515
93	1515
93	1515
93	1515
93	1513
93	1513
93	1513
93	1513
93	1513
93	1513
103	1568
103	1568
103	1568
103	1568
103	1568
103	1568
156	1482
156	1482
156	1482
156	1482
156	1482
156	1482
87	1579
87	1579
87	1579
87	1579
87	1579
87	1579
47	1601
47	1601
47	1601
47	1601
47	1601
47	1601
208	1577
208	1577
208	1577
208	1577
208	1577
208	1577
30	1368
30	1368
30	1368
30	1368
30	1368
30	1368
92	1496
92	1496
92	1496
92	1496
92	1496
92	1496
258	1686
258	1686
258	1686
258	1686
258	1686
258	1686
96	1549
96	1549
96	1549
96	1549
96	1549
96	1549
126	1438
126	1438
126	1438
126	1438
126	1438
126	1438
130	1534
130	1534
130	1534
130	1534
130	1534
130	1534
231	1480
231	1480
231	1480
231	1480
231	1480
231	1480
135	1545
135	1545
135	1545
135	1545
135	1545
173	1340
173	1340
173	1340
173	1340
173	1340
208	1519
208	1519
208	1519
208	1519
208	1519
214	1340
214	1340
214	1340
214	1340
214	1340
131	1444
131	1444
131	1444
131	1444
131	1444
185	1487
185	1487
185	1487
185	1487
185	1487
208	1424
208	1424
208	1424
208	1424
208	1424
133	1530
133	1530
133	1530
133	1530
133	1530
158	1530
158	1530
158	1530
158	1530
158	1530
9	1567
9	1567
9	1567
9	1567
9	1567
95	1529
95	1529
95	1529
95	1529
95	1529
87	1445
87	1445
87	1445
87	1445
87	1445
96	1443
96	1443
96	1443
96	1443
96	1443
87	1545
87	1545
87	1545
87	1545
87	1545
166	1501
166	1501
166	1501
166	1501
166	1501
427	1708
427	1708
427	1708
427	1708
427	1708
209	1362
209	1362
209	1362
209	1362
209	1362
126	1530
126	1530
126	1530
126	1530
126	1530
111	1530
111	1530
111	1530
111	1530
111	1530
156	1505
156	1505
156	1505
156	1505
156	1505
1279	1303
1279	1303
1279	1303
1279	1303
158	1482
158	1482
158	1482
158	1482
316	1549
316	1549
316	1549
316	1549
1502	1545
1502	1545
1502	1545
1502	1545
162	1530
162	1530
162	1530
162	1530
160	1531
160	1531
160	1531
160	1531
9	1148
9	1148
9	1148
9	1148
152	1515
152	1515
152	1515
152	1515
281	1341
281	1341
281	1341
281	1341
210	1549
210	1549
210	1549
210	1549
129	1561
129	1561
129	1561
129	1561
119	1530
119	1530
119	1530
119	1530
315	1444
315	1444
315	1444
315	1444
475	1225
475	1225
475	1225
475	1225
33	1363
33	1363
33	1363
33	1363
203	1505
203	1505
203	1505
203	1505
376	1494
376	1494
376	1494
376	1494
134	194
134	194
134	194
134	194
89	1442
89	1442
89	1442
89	1442
274	409
274	409
274	409
274	409
87	1536
87	1536
87	1536
87	1536
280	1370
280	1370
280	1370
280	1370
96	1558
96	1558
96	1558
96	1558
232	1444
232	1444
232	1444
232	1444
219	1594
219	1594
219	1594
219	1594
108	1652
108	1652
108	1652
108	1652
224	1519
224	1519
224	1519
224	1519
212	1495
212	1495
212	1495
212	1495
222	1339
222	1339
222	1339
222	1339
198	1570
198	1570
198	1570
198	1570
1531	1558
1531	1558
1531	1558
1531	1558
152	1490
152	1490
152	1490
152	1490
205	1653
205	1653
205	1653
205	1653
57	1436
57	1436
57	1436
132	1496
132	1496
132	1496
131	1668
131	1668
131	1668
224	1348
224	1348
224	1348
156	1545
156	1545
156	1545
92	1505
92	1505
92	1505
166	1530
166	1530
166	1530
224	1487
224	1487
224	1487
206	1496
206	1496
206	1496
65	102
65	102
65	102
103	1451
103	1451
103	1451
82	1486
82	1486
82	1486
214	1531
214	1531
214	1531
125	1504
125	1504
125	1504
92	234
92	234
92	234
135	1482
135	1482
135	1482
77	102
77	102
77	102
1609	1646
1609	1646
1609	1646
135	1470
135	1470
135	1470
1531	1568
1531	1568
1531	1568
285	1367
285	1367
285	1367
134	1484
134	1484
134	1484
95	1531
95	1531
95	1531
45	1480
45	1480
45	1480
207	233
207	233
102	1535
102	1535
565	1156
565	1156
246	1413
246	1413
125	1347
125	1347
102	1544
102	1544
147	1545
147	1545
208	1505
208	1505
174	1500
174	1500
103	134
103	134
173	1578
173	1578
29	1184
29	1184
1506	1568
1506	1568
205	1437
205	1437
156	1568
156	1568
49	1484
49	1484
103	1369
103	1369
1375	1450
1375	1450
233	1485
233	1485
514	1185
514	1185
354	1425
354	1425
132	1467
132	1467
153	1498
153	1498
106	1532
106	1532
1504	1558
1504	1558
131	1531
131	1531
187	1558
187	1558
95	1340
95	1340
1490	1535
1490	1535
206	1399
206	1399
883	932
883	932
47	86
47	86
92	1501
92	1501
76	1495
76	1495
195	1341
195	1341
206	1368
206	1368
207	1413
207	1413
465	1114
465	1114
59	1487
59	1487
348	1112
348	1112
136	1483
136	1483
86	1599
86	1599
132	1461
132	1461
79	1445
79	1445
158	1426
158	1426
1471	1519
1471	1519
719	751
719	751
172	1528
172	1528
152	1535
152	1535
158	1536
158	1536
209	1529
209	1529
147	1439
147	1439
315	1437
315	1437
1516	1544
1516	1544
155	1481
155	1481
166	1445
166	1445
113	1548
113	1548
582	1220
582	1220
264	1451
264	1451
96	1487
96	1487
1679	1714
1679	1714
202	1409
202	1409
88	1441
88	1441
220	1441
220	1441
205	1495
205	1495
98	1549
98	1549
87	1468
87	1468
413	1532
413	1532
339	1451
339	1451
124	1516
124	1516
453	553
453	553
103	1541
103	1541
192	1647
192	1647
56	1435
56	1435
230	1479
230	1479
132	1525
132	1525
1188	1343
1188	1343
174	1485
174	1485
1509	1571
1509	1571
404	1305
404	1305
46	1444
46	1444
131	1481
131	1481
167	1580
167	1580
195	1482
195	1482
1326	1364
1326	1364
202	1558
202	1558
1531	1586
1531	1586
164	1482
164	1482
99	1550
99	1550
143	1566
143	1566
94	1480
94	1480
1522	1579
1522	1579
349	1481
349	1481
184	1438
184	1438
110	138
110	138
92	1464
92	1464
46	1544
46	1544
974	1338
974	1338
1544	1625
1544	1625
1446	1477
1446	1477
214	1444
214	1444
145	1440
145	1440
162	1445
162	1445
615	1339
615	1339
125	1540
125	1540
193	1443
193	1443
194	237
194	237
935	1087
935	1087
164	1579
164	1579
95	1437
95	1437
800	941
800	941
64	124
64	124
186	1490
186	1490
164	1443
164	1443
210	1394
210	1394
316	1456
316	1456
65	1457
65	1457
1022	1096
1022	1096
252	1416
252	1416
219	1460
219	1460
126	1532
126	1532
222	1579
222	1579
214	1417
214	1417
1343	1481
1343	1481
215	1197
215	1197
224	1428
224	1428
321	1424
321	1424
94	1577
94	1577
91	1299
91	1299
93	1483
93	1483
243	1541
243	1541
1023	1054
1023	1054
45	1361
45	1361
189	1430
189	1430
1497	1545
1497	1545
222	1468
222	1468
130	1528
130	1528
1395	1419
47	1462
136	1601
219	1440
277	324
1156	1210
1399	1450
94	1514
249	1600
1204	1271
419	1551
135	1536
150	1520
132	161
89	1500
135	1530
246	1513
125	1484
228	274
193	1501
14	1420
209	1437
375	1225
236	1596
55	1437
137	1547
187	1545
31	1496
126	150
188	1398
368	400
92	1526
174	1399
96	1497
239	1604
158	1545
323	1351
126	1494
348	1339
1364	1397
111	1496
1494	1543
1480	1504
114	1482
224	307
92	1456
106	1279
1342	1505
46	1447
164	1494
230	255
158	1510
71	1445
119	1466
209	1278
516	1114
1417	1481
32	1459
371	422
209	1393
132	1512
116	1478
307	387
334	1341
181	1585
156	1536
190	218
290	1426
1646	1723
203	1451
1513	1549
225	299
208	1480
102	1515
223	1425
641	669
308	1445
126	1536
205	1425
92	165
100	1570
189	1426
168	1489
158	1490
158	1499
205	1415
231	1361
